
#lee archivos procesamiento de las señales en Octave y 
library("DescTools", lib.loc="~/R/x86_64-pc-linux-gnu-library/3.6")
library("tcltk", lib.loc="/usr/lib/R/library")
library("effsize", lib.loc="~/R/x86_64-pc-linux-gnu-library/3.6")
library("rmatio", lib.loc="~/R/x86_64-pc-linux-gnu-library/3.6")
#library("asbio", lib.loc="~/R/x86_64-pc-linux-gnu-library/3.6")
library("ggplot2", lib.loc="~/R/x86_64-pc-linux-gnu-library/3.6")
library("ggpubr", lib.loc="~/R/x86_64-pc-linux-gnu-library/3.6")
source("~/Pruebas_R/Pruebas/clc.R")
source("~/Pruebas_R/Pruebas/bland_altman_no_parametrico.R")
source("~/Pruebas_R/Pruebas/ci_Spearman.R")
source("~/Pruebas_R/Pruebas/calculo_B_A.R")
source("~/Pruebas_R/Pruebas/B_A_no_PAR.R")
source("~/Pruebas_R/Pruebas/ci.median.R")

SD12_300s<-c(0.3520363, 0.4489208, 0.4444345, 0.5366372, 0.5078045, 0.3535705,
             0.3938405, 0.3312406, 0.2429132, 0.6082609, 0.4114135, 0.2199254,
             0.3624280, 0.3804586, 0.3200911, 0.3235869, 0.2197993, 0.3670805,
             0.2830526, 0.2707578, 0.2969104, 0.2844397, 0.2574293);
SD21_300s=1/SD12_300s;

SD12_240s<-c(0.3580595, 0.5216396, 0.4602945, 0.5723259, 0.5737177, 0.2958046,
             0.4153261, 0.3702111, 0.2319556, 0.5857023, 0.4309737, 0.2246245,
             0.3689887, 0.4340970, 0.3974433, 0.3341699, 0.2155284, 0.3694907,
             0.2763363, 0.2947010, 0.2782979, 0.2893911, 0.2795447);
SD21_240s=1/SD12_240s;

SD12_180s<-c(0.3530254, 0.5009154, 0.5741956, 0.5705251, 0.5937815, 0.3070881,
             0.4341549, 0.3714678, 0.2233186, 0.5722914, 0.4442260, 0.2648586,
             0.3832240, 0.4526833, 0.3859661, 0.3377952, 0.2102977, 0.3690198,
             0.2768282, 0.3032295, 0.2908838, 0.2849410, 0.3237378);
SD21_180s=1/SD12_180s;

SD12_120s<-c(0.3461679, 0.5224743, 0.5772420, 0.6202446, 0.7598832, 0.3227948,
             0.4664723, 0.3149622, 0.2185621, 0.6252059, 0.4603803, 0.2474436,
             0.3601564, 0.4945546, 0.3934631, 0.3308701, 0.2441928, 0.3209039,
             0.3134868, 0.2692639, 0.2636110, 0.2888297, 0.3173453);
SD21_120s=1/SD12_120s;

SD12_90s<-c(0.3336039, 0.4731390, 0.5801837, 0.6148333, 0.7928778, 0.3298369,
            0.4721110, 0.3781920, 0.2324844, 0.7053915, 0.4672842, 0.2523354,
            0.3668431, 0.4856504, 0.3712276, 0.3344063, 0.2202453, 0.2915229,
            0.3125509, 0.3312913, 0.2839030, 0.3135928, 0.4393125);
SD21_90s=1/SD12_90s;

SD12_60s<-c(0.3501519, 0.4783049, 0.6810372, 0.5272376, 0.7519029, 0.3534413,
            0.5651323, 0.4882818, 0.3288632, 0.9285935, 0.5035772, 0.4503445,
            0.4463753, 0.5689903, 0.4035479, 0.3290601, 0.2303766, 0.3202898,
            0.3284514, 0.4590318, 0.2992945, 0.3777109, 0.4768828);
SD21_60s=1/SD12_60s;


 rLH_300s<-c(1.4835988, 2.0482326, 1.5708044, 1.1985437, 1.0139517, 2.9376796,
             1.7504621, 3.7762759, 3.7085373, 0.8218332, 2.2605381, 3.9184459,
             2.3272781, 2.5216438, 1.7282355, 3.3800602, 5.2500159, 1.0121069,
             1.3422610, 2.9338953, 5.5339169, 4.3276673, 7.0984550);



 rLH_240s<-c(1.4412712, 1.7487790, 1.5517819, 1.2191823, 0.8752079, 2.5400853,
             1.3840976, 2.0867120, 3.2897171, 0.7256416, 2.4888813, 3.7680982,
             2.1988327, 2.1638452, 1.2221446, 3.0949249, 5.1031535, 1.1195394,
             1.5291470, 2.8973323, 5.3218707, 3.6054918, 6.8207164);


rLH_180s<-c(1.6512259, 1.7103013, 1.4565291, 1.3431462, 0.7733694, 2.5189039,
            1.2275386, 1.9554903, 3.3563974, 0.5489274, 2.0722785, 3.2016942,
            2.2365853, 2.1329103, 1.0442894, 2.8896615, 5.6876826, 0.8818027,
            1.5124706, 2.4454872, 5.1287525, 3.2856891, 4.3623224);

rLH_120s<-c(1.8521052, 1.3621199, 1.6554339, 1.1880255, 0.7003761, 2.8044854,
            0.5534314, 2.9744471, 4.1212901, 0.5290935, 1.7004454, 2.6250079,
            2.9131912, 1.4022408, 0.9746147, 3.0915131, 6.2728252, 1.4798337,
            1.2871967, 1.8281972, 6.1526584, 3.0769003, 3.6346209);

rLH_90s<-c(2.1444240, 1.7578606, 1.0698469, 1.3471585, 0.5608341, 2.9918124,
           0.5901853, 1.7391654, 2.8417408, 0.5408598, 1.8102655, 2.9594197,
           2.5971991, 1.1657047, 1.2326237, 2.9358876, 8.1147221, 1.8620970,
           1.1627620, 2.2954418, 5.0472145, 2.2788506, 2.8687328);

rLH_60s<-c(1.3653665, 1.3997068, 0.9470092, 1.7983638, 0.6193047, 3.3306607,
           0.4204352, 1.2114991, 1.9457541, 0.3334017, 2.1946442, 0.7017627,
           2.5270354, 0.2953111, 1.6250302, 2.9320086, 8.9696328, 2.2983186,
           1.1057908, 2.0232202, 5.9583118, 2.4845891, 3.1487034);
#################################################################################
SS_300s<-c(20.180099, 22.066569, 10.528688, 12.877576,  8.484707, 10.889842,  
           8.954221, 18.444082, 14.806614, 9.756626, 13.342843, 13.989793,
           11.720427, 7.643302, 7.606745, 16.115313, 22.067324,  9.736707,
           14.323851, 17.590691, 12.720154, 18.964742, 10.4422244);

SPS_300s<-c(1.1568022, 1.0846756, 0.2494254, 0.3090207, 0.1417677, 0.3354032,
            0.2035801, 1.0270002, 0.9025274, 0.1564982, 0.4327312, 0.8899123,
            0.3790227, 0.1535517, 0.1807690, 0.8025767, 2.2155062, 0.2582634,
            0.7248572, 1.1428384, 0.5449533, 1.2644558, 0.4235727);

SS_240s<-c(21.360879, 23.428481, 10.245966, 13.471397,  9.198446, 11.588221,
           9.437326, 21.675014, 15.033198, 9.902158, 13.542483, 14.246885, 
           11.716438, 8.343385, 9.483399, 16.437916, 20.667538, 9.483537, 
           13.657139, 19.328051, 12.172757, 20.991687, 10.974239);

SPS_240s<-c(1.2743333, 1.0522470, 0.2280710, 0.3170895, 0.1474792, 0.4539715,
            0.2144414, 1.2690226, 0.9743118, 0.1674105, 0.4255453, 0.9036133,
            0.3720301, 0.1603607, 0.2262835, 0.8085860, 1.9818598, 0.2434093,
            0.6749653, 1.2676357, 0.5324368, 1.5226830, 0.4308218);

SS_180s<-c(21.947207, 24.452969, 9.881192, 13.448077, 9.755617, 12.027065,
           9.617939, 22.347387, 14.528787, 10.133997, 13.795109, 16.283416,
           12.303206, 8.414705, 9.348175, 16.011078, 20.456852, 9.320218,
           13.183403, 18.946648, 11.706386, 20.259173, 9.967956);

SPS_180s<-c(1.3644340, 1.1937099, 0.1700430, 0.3169900, 0.1602813, 0.4710385,
            0.2130685, 1.3444120, 0.9452218, 0.1794503, 0.4283969, 1.0010989,
            0.3949880, 0.1564168, 0.2264146, 0.7589054, 1.9899543, 0.2353979,
            0.6278338, 1.1838407, 0.4711141, 1.4404179, 0.3069154);

SS_120s<-c(19.814143, 24.822087,  9.478262, 13.436174, 14.259768, 13.031003,
           9.697349, 18.772639, 13.477379, 10.597915, 14.768197, 15.515296,
           11.166815, 9.225645, 9.189895, 15.542892, 22.282711, 8.263128,
           14.307434, 19.153269, 10.453890, 19.970622, 10.756689);

SPS_120s<-c(1.1341323, 1.1792658, 0.1556322, 0.2910638, 0.2675951, 0.5260525,
            0.2015952, 1.1189025, 0.831067, 0.1796461, 0.4737380, 0.9728456,
            0.3462323, 0.1720994, 0.2146432, 0.7301401, 2.0333081, 0.2127718,
            0.6529865, 1.3624096, 0.4145647, 1.3808334, 0.3646071);

SS_90s<-c(18.876364, 22.716837, 10.047006, 11.861678, 15.150568, 12.538925,
          8.951222, 23.546518, 15.847896, 12.574958, 15.764211, 15.648249,
          11.919084, 9.120257, 9.049982, 15.030610, 22.889086, 7.843271,
          14.098973, 23.420983, 11.093831, 21.671981, 13.411908);

SPS_90s<-c(1.0680845, 1.0907043, 0.1739834, 0.2288416, 0.2895020, 0.4766739,
           0.1697151, 1.4660241, 1.0803124, 0.2241728, 0.5318184, 0.9704055,
           0.3872625,  0.1712736, 0.2206252, 0.6755829, 2.3787574, 0.2110191,
           0.6359956, 1.6557706, 0.4335040, 1.4977218, 0.4094563);

SS_60s<-c(20.650994, 24.923208, 9.896614, 8.391247, 12.459314, 13.115455,
          10.468114, 31.271695, 21.642096, 15.422559, 17.173341, 8.117809,
          12.439901, 10.804335, 9.064418, 15.608007, 21.593839, 8.119521,
          13.617272, 31.640556, 10.818283, 25.860964, 13.646362);

SPS_60s<-c(1.2179388, 1.2986826, 0.1438144, 0.1335508, 0.2064555, 0.4866866,
           0.1939040, 2.0027758, 1.4242407, 0.2561458, 0.5856572, 0.1463298,
           0.3466839, 0.2051593, 0.2036033, 0.7403203, 2.0240506, 0.2058343,
           0.5645587, 2.1809488, 0.3910371, 1.7706386, 0.3905010);
#################################################################
######-Calculo Bland Altman no paramétrico-####################################

#Gold<-Kubios_LF_HF
Test<-(SD21_300s)
Gold<-(SPS_300s)
# shapiro.test(Gold)
# shapiro.test(Test)
# shapiro.test(Gold-Test)

cor.test(Gold, Test, method = "spearman")

#median(SD21_300s)

todo_no_par<-B_A_no_PAR(Gold,Test)

print(todo_no_par)
